# Wed 20:42:01 27-Jan-2021
begin	identify arxe_c5460_202101 - Ap 1
	id	arxe_c5460_202101
	task	identify
	image	arxe_c5460_202101 - Ap 1
	aperture	1
	aplow	415.41
	aphigh	425.6
	units	Angstroms
	features	30
	         40.97 7147.15235   7147.041  10.0 1 1 
	         66.82  7067.2011   7067.217  10.0 1 1 
	         99.88 6965.04951    6965.43  10.0 1 1 
	        130.19 6871.47331   6871.289  10.0 1 1 
	        193.24 6677.05306   6677.281  10.0 1 1 
	        216.44 6605.56632   6604.853  10.0 1 1 
	        238.31 6538.20502   6538.112  10.0 1 1 
	        277.93  6416.2032   6416.307  10.0 1 1 
	        288.32 6384.23186   6384.717  10.0 1 1 
	        441.92 5912.24063   5912.085  10.0 1 1 
	        458.92 5860.10295    5860.31  10.0 1 1 
	        467.25 5834.57575   5834.264  10.0 1 1 
	        498.33 5739.35131   5739.519  10.0 1 1 
	        527.29 5650.65389   5650.704  10.0 1 1 
	        541.75 5606.41495   5606.733  10.0 1 1 
	        577.58 5496.80454   5495.873  10.0 1 1 
	        592.47 5451.28279   5451.652  10.0 1 1 
	        602.35 5421.07014   5421.351  10.0 1 1 
	        657.34 5252.99636   5252.787  10.0 1 1 
	        667.68 5221.38947    5221.27  10.0 1 1 
	        678.72 5187.65666   5187.746  10.0 1 1 
	        837.61 4702.36839   4702.316  10.0 1 1 
	        861.88 4628.39662   4628.441  10.0 1 1 
	        872.87 4594.92351   4596.097  10.0 1 1 
	        900.20 4511.75048   4510.733  10.0 1 1 
	        969.96 4299.95353   4300.101  10.0 1 1 
	       1016.40 4159.12871   4158.591  10.0 1 1 
	       1054.12 4044.50135   4044.418  10.0 1 1 
	       1085.71  3948.1593   3948.979  10.0 1 1 
	       1122.60 3835.03793   3834.678  10.0 1 1 
	function spline3
	order 5
	sample *
	naverage 1
	niterate 0
	low_reject 3.
	high_reject 3.
	grow 0.
	coefficients	12
		3.
		5.
		1.
		1170.
		1332.962803736128
		1211.632153827494
		1091.440821899125
		971.6081385417666
		852.5575074251932
		733.4472151443585
		616.0067163161648
		490.9137729242102

		
