# Sun 18:54:28 14-Nov-2021
begin	identify nehgne_c5460_202111 - Ap 1
	id	nehgne_c5460_202111
	task	identify
	image	nehgne_c5460_202111 - Ap 1
	aperture	1
	aplow	439.85
	aphigh	444.88
	units	Angstroms
	features	29
	          6.45 7245.15947   7245.167  10.0 1 1 
	         29.41 7174.08923   7173.938  10.0 1 1 
	         75.31 7032.16897   7032.413  10.0 1 1 
	        108.55   6929.484   6929.467  10.0 1 1 
	        177.38 6717.07328   6717.043  10.0 1 1 
	        215.70 6598.96545   6598.953  10.0 1 1 
	        237.15 6532.85671   6532.882  10.0 1 1 
	        245.70 6506.53844   6506.528  10.0 1 1 
	        279.60 6402.19001   6402.246  10.0 1 1 
	        285.73 6383.30803   6382.991  10.0 1 1 
	        301.63  6334.4045   6334.428  10.0 1 1 
	        311.25 6304.81478   6304.789  10.0 1 1 
	        323.72 6266.47831   6266.495  10.0 1 1 
	        339.73 6217.24713   6217.281  10.0 1 1 
	        357.25 6163.39129   6163.594  10.0 1 1 
	        363.87  6143.0507   6143.062  10.0 1 1 
	        379.14 6096.13842   6096.163  10.0 1 1 
	        386.22 6074.42168   6074.338  10.0 1 1 
	        400.68 6029.99873   6029.997  10.0 1 1 
	        428.43 5944.82218   5944.834  10.0 1 1 
	        448.95 5881.87175   5881.895  10.0 1 1 
	        458.51 5852.52527   5852.488  10.0 1 1 
	        478.70 5790.63011    5790.64  10.0 1 1 Hg
	        485.57 5769.56009   5769.598  10.0 1 1 Hg
	        586.38 5460.78615   5460.735  10.0 1 1 Hg
	        764.69 4916.05429   4916.068  10.0 1 1 
	        947.88 4358.34152   4358.328  10.0 1 1 
	       1040.29 4077.77395   4077.831  10.0 1 1 
	       1050.57 4046.61057   4046.563  10.0 1 1 
	function spline3
	order 3
	sample *
	naverage 1
	niterate 0
	low_reject 3.
	high_reject 3.
	grow 0.
	coefficients	10
		3.
		3.
		1.
		1170.
		1411.993577333864
		1210.032334641303
		1009.892937334401
		811.1463451591308
		613.8622098366853
		418.3424577317602

