# Wed 20:19:51 27-Jan-2021
begin	identify nehgne_c5460_202101 - Ap 1
	id	nehgne_c5460_202101
	task	identify
	image	nehgne_c5460_202101 - Ap 1
	aperture	1
	aplow	409.76
	aphigh	420.59
	units	Angstroms
	features	30
	          9.37 7245.15477   7245.167  10.0 1 1 
	         32.37  7174.0183   7173.938  10.0 1 1 
	         78.24 7032.29125   7032.413  10.0 1 1 
	        111.55 6929.43331   6929.467  10.0 1 1 
	        180.40 6717.06861   6717.043  10.0 1 1 
	        218.72 6599.00528   6598.953  10.0 1 1 
	        240.18 6532.87892   6532.882  10.0 1 1 
	        248.72 6506.60242   6506.528  10.0 1 1 
	        282.65 6402.13373   6402.246  10.0 1 1 
	        288.73 6383.42126   6382.991  10.0 1 1 
	        304.65 6334.41705   6334.428  10.0 1 1 
	        314.28 6304.80152   6304.789  10.0 1 1 
	        326.74 6266.47573   6266.495  10.0 1 1 
	        342.75 6217.22439   6217.281  10.0 1 1 
	        360.28  6163.3216   6163.594  10.0 1 1 
	        366.89 6143.00493   6143.062  10.0 1 1 
	        382.16 6096.06789   6096.163  10.0 1 1 
	        389.24 6074.33212   6074.338  10.0 1 1 
	        403.70 6029.91507   6029.997  10.0 1 1 
	        431.45 5944.69837   5944.834  10.0 1 1 
	        451.96 5881.72264   5881.895  10.0 1 1 
	        461.53 5852.36179   5852.488  10.0 1 1 
	        471.99 5820.27883   5820.156  10.0 1 1 
	        481.48  5791.1849    5790.64  10.0 1 1 
	        589.39  5460.7112   5460.735  10.0 1 1 Hg
	        609.02  5400.6852   5400.562  10.0 1 1 Ne
	        768.16 4915.84867   4916.068  10.0 1 1 
	        950.88 4358.52932   4358.328  10.0 1 1 
	       1043.34 4077.38176   4077.831  10.0 1 1 
	       1053.59 4046.90419   4046.563  10.0 1 1 
	function spline3
	order 5
	sample *
	naverage 1
	niterate 0
	low_reject 3.
	high_reject 3.
	grow 0.
	coefficients	12
		3.
		5.
		1.
		1170.
		1332.652892731951
		1211.719366155058
		1091.514789189376
		971.6810145528416
		852.4424671438202
		734.4065151651262
		613.5010581922718
		532.4643254018404

