# Thu 15:44:13 22-Apr-2021
begin	identify nehgne_c5460_202104 - Ap 1
	id	nehgne_c5460_202104
	task	identify
	image	nehgne_c5460_202104 - Ap 1
	aperture	1
	aplow	400.43
	aphigh	409.64
	units	Angstroms
	features	33
	         34.60 7032.45312   7032.413  10.0 1 1 
	         67.86 6929.47837   6929.467  10.0 1 1 
	        136.69  6716.9232   6717.043  10.0 1 1 
	        149.25  6678.2034      INDEF  10.0 1 1 
	        174.99 6598.86363   6598.953  10.0 1 1 
	        196.47 6532.72959 6532.88184  10.0 1 1 
	        205.01 6506.43787   6506.528  10.0 1 1 
	        238.93 6402.08866   6402.246  10.0 1 1 
	        244.92 6383.64264   6382.991  10.0 1 1 
	        260.93 6334.42162   6334.428  10.0 1 1 
	        270.53  6304.9135   6304.789  10.0 1 1 
	        283.01 6266.53238   6266.495  10.0 1 1 
	        299.03 6217.30556   6217.281  10.0 1 1 
	        316.59 6163.33926   6163.594  10.0 1 1 
	        323.17 6143.13065   6143.062  10.0 1 1 
	        338.45 6096.18638   6096.163  10.0 1 1 
	        345.49 6074.55535   6074.338  10.0 1 1 
	        359.97 6030.06157   6029.997  10.0 1 1 
	        377.75 5975.44508      INDEF  10.0 1 1 
	        387.72 5944.81988   5944.834  10.0 1 1 
	        408.25  5881.7466   5881.895  10.0 1 1 
	        417.81 5852.38191   5852.488  10.0 1 1 
	        428.26 5820.26313   5820.156  10.0 1 1 
	        437.97 5790.40341    5790.64  10.0 1 1 Hg
	        444.80 5769.43889   5769.598  10.0 1 1 Hg
	        545.65 5459.22261   5460.735  10.0 1 1 Hg
	        564.10 5402.40686   5400.562  10.0 1 1 Ne
	        713.69 4915.87826   4916.068  10.0 1 1 
	        724.02 4876.01209      INDEF  10.0 1 1 
	        829.37 4358.34896   4358.328  10.0 1 1 
	        847.71 4241.33096      INDEF  10.0 1 1 
	        851.93 4213.06947      INDEF  10.0 1 1 
	        860.20 4156.02642      INDEF  10.0 1 1 
	function spline3
	order 3
	sample *
	naverage 1
	niterate 0
	low_reject 3.
	high_reject 3.
	grow 0.
	coefficients	10
		3.
		3.
		1.
		909.9999999999999
		1347.041698494955
		1188.991553039222
		1033.60671229744
		878.6205828329409
		722.097814037853
		-1.470051510590145

