# Thu 15:22:20 22-Apr-2021
begin	identify arxe_c5460_202104 - Ap 1
	id	arxe_c5460_202104
	task	identify
	image	arxe_c5460_202104 - Ap 1
	aperture	1
	aplow	409.86
	aphigh	419.22
	units	Angstroms
	features	22
	         25.01 7067.20541   7067.217  10.0 1 1 
	         57.97 6965.46548    6965.43  10.0 1 1 
	        152.36 6677.06115   6677.281  10.0 1 1 
	        196.89 6538.62968   6538.112  10.0 1 1 
	        236.01 6416.53012   6416.307  10.0 1 1 
	        246.47   6383.925   6384.717  10.0 1 1 
	        336.69 6105.59103   6105.635  10.0 1 1 
	        360.39 6032.98783   6032.127  10.0 1 1 
	        400.03 5911.66026   5912.085  10.0 1 1 
	        456.19 5739.51623   5739.519  10.0 1 1 
	        485.37 5650.00665   5650.704  10.0 1 1 
	        499.62 5606.31113   5606.733  10.0 1 1 
	        514.95 5559.31234   5558.702  10.0 1 1 
	        535.48 5496.37046   5495.873  10.0 1 1 
	        615.32 5252.86122   5252.787  10.0 1 1 
	        625.82 5221.11206    5221.27  10.0 1 1 
	        636.69 5188.37157   5187.746  10.0 1 1 
	        645.61 5161.55814   5162.285  10.0 1 1 
	        797.64 4702.40051   4702.316  10.0 1 1 
	        821.40 4628.68708   4628.441  10.0 1 1 
	        834.46 4588.94167   4589.289  10.0 1 1 
	        861.32 4510.80394   4510.733  10.0 1 1 
	function spline3
	order 7
	sample *
	naverage 1
	niterate 0
	low_reject 3.
	high_reject 3.
	grow 0.
	coefficients	14
		3.
		6.999999999999999
		1.
		909.9999999999999
		1262.430693232101
		1188.9816712003
		1124.518083732314
		1056.241454646295
		990.166005274337
		923.7214882500612
		857.4468112956532
		794.0239138585906
		723.3383451182743
		702.4206148027711

