# Thu 19:51:47 19-Nov-2020
begin	identify nehgne_ccds - Ap 1
	id	nehgne_ccds
	task	identify
	image	nehgne_ccds - Ap 1
	aperture	1
	aplow	380.03
	aphigh	384.72
	units	Angstroms
	features	22
	          7.45 6506.60389  6506.5279  10.0 1 1 NeI(3)
	         41.71  6401.7272   6402.246  10.0 1 1 NeI(1)
	         63.52 6334.67701  6334.4279  10.0 1 1 NeI(1)
	         73.12 6305.10499  6304.7892  10.0 1 1 NeI
	         85.59 6266.69168   6266.495  10.0 1 1 NeI(5)
	        101.57 6217.40019  6217.2813  10.0 1 1 NeI(1)
	        125.65 6143.05741  6143.0623  10.0 1 1 NeI(1)
	        141.07  6095.4877   6096.163  10.0 1 1 NeI
	        147.79 6074.73492  6074.3377  10.0 1 1 NeI(3)
	        162.42 6029.60186  6029.9971  10.0 1 1 NeI(3)
	        190.10 5944.37608  5944.8342  10.0 1 1 NeI(1)
	        210.57 5881.43864      5881.  10.0 1 1 
	        220.10 5852.17275  5852.4878  10.0 1 1 NeI(6)
	        246.88 5769.95716      5769.  10.0 1 1 
	        347.64 5459.36473      5460.  10.0 1 1 
	        434.42 5188.05754   5187.746  10.0 1 1 AI
	        607.15 4657.98285    4657.94  10.0 1 1 AII(15)
	        656.84 4510.35321   4510.733  10.0 1 1 AI(9)
	        707.90 4358.35436      4358.  10.0 1 1 
	        799.95   4076.886      4077.  10.0 1 1 
	        810.20  4044.4368   4044.418  10.0 1 1 AI(4)
	        845.96 3928.63944    3928.62  10.0 1 1 AII(10)
	function spline3
	order 5
	sample *
	naverage 1
	niterate 0
	low_reject 3.
	high_reject 3.
	grow 0.
	coefficients	12
		3.
		5.
		1.
		909.9999999999999
		1178.939453270111
		1088.285132818034
		994.1979192133354
		901.7503834977826
		805.4129287949519
		717.2943840146908
		622.8051380401793
		500.267570950164

# Thu 19:54:41 19-Nov-2020
begin	identify nehgne_ccds - Ap 1
	id	nehgne_ccds
	task	identify
	image	nehgne_ccds - Ap 1
	aperture	1
	aplow	380.03
	aphigh	384.72
	units	Angstroms
	features	22
	          7.45 6506.60769  6506.5279  10.0 1 1 NeI(3)
	         41.71 6401.71749   6402.246  10.0 1 1 NeI(1)
	         63.52 6334.67557  6334.4279  10.0 1 1 NeI(1)
	         73.12 6305.11662  6304.7892  10.0 1 1 NeI
	         85.59 6266.68591   6266.495  10.0 1 1 NeI(5)
	        101.57 6217.39496  6217.2813  10.0 1 1 NeI(1)
	        125.65 6143.07112  6143.0623  10.0 1 1 NeI(1)
	        141.07 6095.47496   6096.163  10.0 1 1 NeI
	        147.79 6074.73808  6074.3377  10.0 1 1 NeI(3)
	        162.42 6029.61326  6029.9971  10.0 1 1 NeI(3)
	        190.10 5944.36408  5944.8342  10.0 1 1 NeI(1)
	        210.57  5881.4436      5881.  10.0 1 1 
	        220.10 5852.17409  5852.4878  10.0 1 1 NeI(6)
	        246.88 5769.95414      5769.  10.0 1 1 
	        347.64 5459.36044      5460.  10.0 1 1 
	        434.42 5188.06429   5187.746  10.0 1 1 AI
	        607.15 4657.97513    4657.94  10.0 1 1 AII(15)
	        656.84  4510.3589   4510.733  10.0 1 1 AI(9)
	        707.90 4358.35405      4358.  10.0 1 1 
	        799.95 4076.88868      4077.  10.0 1 1 
	        810.20 4044.43333   4044.418  10.0 1 1 AI(4)
	        845.96    3928.64    3928.62  10.0 1 1 AII(10)
	function spline3
	order 5
	sample *
	naverage 1
	niterate 0
	low_reject 3.
	high_reject 3.
	grow 0.
	coefficients	12
		3.
		5.
		1.
		909.9999999999999
		1178.935707584767
		1088.287960423
		994.1958241114479
		901.7553040172124
		805.4042637459692
		717.2992495777127
		622.8030916899109
		500.2699549462554

